2023-06-04 15:28:09.815,0,22,132,0,0
2023-06-04 15:28:09.882,0,24,132,0,0
2023-06-04 15:28:09.928,0,25,134,0,0
2023-06-04 15:28:09.979,0,22,139,1,0
2023-06-04 15:28:10.035,0,25,142,1,0
2023-06-04 15:28:10.080,0,25,143,1,0
2023-06-04 15:28:10.130,0,25,148,1,0
2023-06-04 15:28:10.190,0,31,148,2,0
2023-06-04 15:28:10.229,0,24,151,3,0
2023-06-04 15:28:10.280,0,25,152,4,0
2023-06-04 15:28:10.341,0,25,156,5,0
2023-06-04 15:28:10.383,0,23,156,5,0
2023-06-04 15:28:10.432,0,26,157,5,0
2023-06-04 15:28:10.485,0,29,159,5,0
2023-06-04 15:28:10.544,0,30,162,6,0
2023-06-04 15:28:10.588,0,33,161,6,0
2023-06-04 15:28:10.637,0,36,165,8,0
2023-06-04 15:28:10.698,0,38,165,9,0
2023-06-04 15:28:10.738,0,42,167,9,0
2023-06-04 15:28:10.790,0,43,168,10,0
2023-06-04 15:28:10.847,0,45,167,11,0
2023-06-04 15:28:10.891,0,46,169,11,0
2023-06-04 15:28:10.943,0,48,168,13,0
2023-06-04 15:28:11.008,0,50,168,14,0
2023-06-04 15:28:11.044,0,50,171,15,0
2023-06-04 15:28:11.093,0,53,173,16,0
2023-06-04 15:28:11.156,0,52,176,17,0
2023-06-04 15:28:11.196,0,54,172,18,0
2023-06-04 15:28:11.245,0,53,175,19,0
2023-06-04 15:28:11.308,0,57,175,20,0
2023-06-04 15:28:11.349,0,57,177,21,0
2023-06-04 15:28:11.404,0,65,175,21,0
2023-06-04 15:28:11.464,0,58,175,22,0
2023-06-04 15:28:11.505,0,61,176,22,0
2023-06-04 15:28:11.555,0,60,176,22,0
2023-06-04 15:28:11.614,0,56,175,22,0
2023-06-04 15:28:11.657,0,54,177,23,0
2023-06-04 15:28:11.706,0,53,175,23,0
2023-06-04 15:28:11.769,0,54,176,23,0
2023-06-04 15:28:11.810,0,47,172,23,0
2023-06-04 15:28:11.859,0,45,169,24,0
2023-06-04 15:28:11.929,0,0,169,24,0
2023-06-04 15:28:11.962,0,50,167,24,0
2023-06-04 15:28:12.012,0,53,163,24,0
2023-06-04 15:28:12.082,0,56,154,24,0
2023-06-04 15:28:12.121,0,64,145,24,0
2023-06-04 15:28:12.165,0,59,136,24,0
2023-06-04 15:28:12.213,0,58,119,24,0
2023-06-04 15:28:12.281,0,57,115,24,0
2023-06-04 15:28:12.321,0,54,106,24,0
2023-06-04 15:28:12.365,0,54,98,24,0
2023-06-04 15:28:12.434,0,52,90,24,0
2023-06-04 15:28:12.476,0,47,86,24,0
2023-06-04 15:28:12.519,0,43,73,24,0
2023-06-04 15:28:12.589,0,43,64,24,0
2023-06-04 15:28:12.632,0,42,60,24,0
2023-06-04 15:28:12.673,0,40,54,24,0
2023-06-04 15:28:12.741,0,39,47,24,0
2023-06-04 15:28:12.784,0,36,43,24,0
2023-06-04 15:28:12.829,0,32,37,24,0
2023-06-04 15:28:12.895,0,32,40,24,0
2023-06-04 15:28:12.928,0,31,32,24,0
2023-06-04 15:28:12.980,0,32,31,24,0
2023-06-04 15:28:13.037,0,29,30,24,0
2023-06-04 15:28:13.081,0,30,28,24,0
2023-06-04 15:28:13.131,0,28,21,24,0
2023-06-04 15:28:13.192,0,24,23,24,0
2023-06-04 15:28:13.233,0,24,25,24,0
2023-06-04 15:28:13.284,0,30,24,24,0
2023-06-04 15:28:13.349,0,26,25,24,0
2023-06-04 15:28:13.381,0,28,24,24,0
2023-06-04 15:28:13.436,0,27,30,24,0
2023-06-04 15:28:13.494,0,28,28,24,0
2023-06-04 15:28:13.537,0,29,30,24,0
2023-06-04 15:28:13.588,0,28,24,24,0
2023-06-04 15:28:13.648,0,29,26,24,0
2023-06-04 15:28:13.689,0,26,27,24,0
2023-06-04 15:28:13.740,0,23,26,24,0
2023-06-04 15:28:13.801,0,27,25,24,0
2023-06-04 15:28:13.840,0,29,25,24,0
2023-06-04 15:28:13.893,0,26,26,24,0
2023-06-04 15:28:13.944,0,28,23,24,0
2023-06-04 15:28:13.998,0,30,29,24,0
2023-06-04 15:28:14.047,0,31,28,24,0
2023-06-04 15:28:14.096,0,29,28,24,0
2023-06-04 15:28:14.160,0,29,28,24,0
2023-06-04 15:28:14.204,0,31,28,24,0
2023-06-04 15:28:14.248,0,27,23,24,0
2023-06-04 15:28:14.314,0,28,30,24,0
2023-06-04 15:28:14.355,0,29,30,24,0
2023-06-04 15:28:14.399,0,30,30,24,0
2023-06-04 15:28:14.469,0,30,28,24,0
2023-06-04 15:28:14.504,0,33,31,24,0
2023-06-04 15:28:14.553,0,0,31,24,0
2023-06-04 15:28:14.612,0,31,29,24,0
2023-06-04 15:28:14.657,0,30,32,24,0
2023-06-04 15:28:14.703,0,64,32,24,0
2023-06-04 15:28:14.767,0,33,36,24,0
2023-06-04 15:28:14.809,0,32,41,24,0
2023-06-04 15:28:14.859,0,34,44,24,0
2023-06-04 15:28:14.915,0,28,50,24,0
2023-06-04 15:28:14.961,0,37,48,24,0
2023-06-04 15:28:15.011,0,42,55,24,0
2023-06-04 15:28:15.067,0,47,57,24,0
2023-06-04 15:28:15.113,0,42,63,24,0
2023-06-04 15:28:15.166,0,43,67,24,0
2023-06-04 15:28:15.229,0,46,72,24,0
2023-06-04 15:28:15.268,0,50,79,24,0
2023-06-04 15:28:15.316,0,47,82,24,0
2023-06-04 15:28:15.375,0,50,87,24,0
2023-06-04 15:28:15.416,0,50,96,25,0
2023-06-04 15:28:15.470,0,52,93,26,0
2023-06-04 15:28:15.519,0,52,101,27,0
2023-06-04 15:28:15.578,0,54,106,27,0
2023-06-04 15:28:15.624,0,55,110,28,0
2023-06-04 15:28:15.673,0,41,113,29,0
2023-06-04 15:28:15.732,0,52,116,29,0
2023-06-04 15:28:15.773,0,50,122,29,0
2023-06-04 15:28:15.822,0,57,130,29,0
2023-06-04 15:28:15.890,0,62,129,29,0
2023-06-04 15:28:15.925,0,61,131,29,0
2023-06-04 15:28:15.975,1,59,134,30,0

