2023-06-04 15:28:57.073,0,56,122,0,0
2023-06-04 15:28:57.138,0,56,130,0,0
2023-06-04 15:28:57.186,0,53,135,0,0
2023-06-04 15:28:57.249,0,58,139,0,0
2023-06-04 15:28:57.292,0,64,143,1,0
2023-06-04 15:28:57.342,0,62,148,1,0
2023-06-04 15:28:57.411,0,64,149,2,0
2023-06-04 15:28:57.451,0,70,155,2,0
2023-06-04 15:28:57.495,0,70,155,3,0
2023-06-04 15:28:57.545,0,70,159,3,0
2023-06-04 15:28:57.611,0,71,155,3,0
2023-06-04 15:28:57.649,0,72,163,4,0
2023-06-04 15:28:57.699,0,74,167,4,0
2023-06-04 15:28:57.756,0,68,168,4,0
2023-06-04 15:28:57.800,0,58,162,5,0
2023-06-04 15:28:57.849,0,59,167,6,0
2023-06-04 15:28:57.921,0,63,170,6,0
2023-06-04 15:28:57.954,0,68,175,6,0
2023-06-04 15:28:58.003,0,75,176,6,0
2023-06-04 15:28:58.061,0,81,177,6,0
2023-06-04 15:28:58.102,0,73,176,6,0
2023-06-04 15:28:58.158,0,63,172,6,0
2023-06-04 15:28:58.223,0,59,171,6,0
2023-06-04 15:28:58.258,0,56,170,7,0
2023-06-04 15:28:58.307,0,57,172,7,0
2023-06-04 15:28:58.367,0,67,171,7,0
2023-06-04 15:28:58.412,0,68,172,7,0
2023-06-04 15:28:58.461,0,74,173,7,0
2023-06-04 15:28:58.531,0,75,174,8,0
2023-06-04 15:28:58.566,0,74,183,8,0
2023-06-04 15:28:58.612,0,70,176,9,0
2023-06-04 15:28:58.679,0,69,178,9,0
2023-06-04 15:28:58.720,0,65,182,10,0
2023-06-04 15:28:58.767,0,67,182,11,0
2023-06-04 15:28:58.825,0,67,179,11,0
2023-06-04 15:28:58.870,0,67,179,12,0
2023-06-04 15:28:58.918,0,68,181,12,0
2023-06-04 15:28:58.979,0,75,180,12,0
2023-06-04 15:28:59.022,0,78,184,12,0
2023-06-04 15:28:59.069,0,80,183,12,0
2023-06-04 15:28:59.132,0,77,181,13,0
2023-06-04 15:28:59.174,0,81,183,13,0
2023-06-04 15:28:59.225,0,81,181,14,0
2023-06-04 15:28:59.273,0,81,183,14,0
2023-06-04 15:28:59.328,0,79,185,15,0
2023-06-04 15:28:59.377,0,76,184,16,0
2023-06-04 15:28:59.429,0,76,184,17,0
2023-06-04 15:28:59.493,0,80,184,17,0
2023-06-04 15:28:59.534,0,85,187,17,0
2023-06-04 15:28:59.579,0,83,185,18,0
2023-06-04 15:28:59.646,0,85,186,18,0
2023-06-04 15:28:59.680,0,81,185,19,0
2023-06-04 15:28:59.733,0,80,184,20,0
2023-06-04 15:28:59.791,0,78,183,20,0
2023-06-04 15:28:59.834,0,78,182,21,0
2023-06-04 15:28:59.882,0,75,182,21,0
2023-06-04 15:28:59.952,0,60,178,21,0
2023-06-04 15:28:59.986,0,66,174,22,0
2023-06-04 15:29:00.036,0,64,193,22,0
2023-06-04 15:29:00.106,0,58,158,22,0
2023-06-04 15:29:00.145,0,53,158,22,0
2023-06-04 15:29:00.186,0,52,156,23,0
2023-06-04 15:29:00.257,0,51,157,23,0
2023-06-04 15:29:00.300,0,58,158,23,0
2023-06-04 15:29:00.343,0,61,161,23,0
2023-06-04 15:29:00.401,0,64,158,23,0
2023-06-04 15:29:00.443,0,63,159,23,0
2023-06-04 15:29:00.493,0,61,158,24,0
2023-06-04 15:29:00.560,0,59,157,25,0
2023-06-04 15:29:00.601,0,48,158,25,0
2023-06-04 15:29:00.643,0,69,161,25,0
2023-06-04 15:29:00.713,0,73,161,25,0
2023-06-04 15:29:00.749,0,75,160,26,0
2023-06-04 15:29:00.800,0,76,160,26,0
2023-06-04 15:29:00.851,0,81,164,26,0
2023-06-04 15:29:00.921,0,73,169,27,0
2023-06-04 15:29:00.953,0,81,166,27,0
2023-06-04 15:29:01.003,0,83,170,27,0
2023-06-04 15:29:01.079,0,83,173,28,0
2023-06-04 15:29:01.111,0,84,175,28,0
2023-06-04 15:29:01.155,0,86,175,28,0
2023-06-04 15:29:01.214,0,90,176,29,0
2023-06-04 15:29:01.255,1,85,177,30,0
2023-06-04 15:29:01.304,1,83,177,30,0

