09:25:22.870811,0,0,0
09:25:22.933229,0,5,4
09:25:22.996764,0,0,0
09:25:23.043927,0,5,4
09:25:23.091609,0,0,0
09:25:23.155105,0,6,7
09:25:23.202144,0,0,0
09:25:23.250430,0,4,2
09:25:23.321033,0,5,1
09:25:23.360924,0,4,3
09:25:23.405015,0,0,0
09:25:23.467416,0,5,5
09:25:23.513049,0,0,0
09:25:23.559919,0,4,5
09:25:23.623186,0,1,0
09:25:23.669768,0,7,3
09:25:23.716916,0,0,0
09:25:23.779139,0,6,5
09:25:23.824890,0,0,0
09:25:23.871379,0,4,5
09:25:23.932833,0,0,2
09:25:23.975836,0,5,5
09:25:24.025709,0,0,0
09:25:24.087134,0,5,15
09:25:24.134034,0,0,0
09:25:24.175157,0,3,5
09:25:24.244000,0,0,0
09:25:24.291143,0,5,5
09:25:24.338382,0,0,0
09:25:24.399395,0,17,13
09:25:24.445115,0,0,0
09:25:24.488886,0,12,14
09:25:24.537396,0,0,0
09:25:24.599841,0,7,6
09:25:24.645637,0,0,0
09:25:24.691856,0,7,6
09:25:24.755323,0,0,0
09:25:24.802466,0,12,3
09:25:24.848479,0,0,0
09:25:24.910594,0,6,6
09:25:24.957357,0,0,0
09:25:25.003403,0,7,7
09:25:25.063895,0,0,0
09:25:25.111702,0,6,6
09:25:25.159941,0,0,0
09:25:25.219836,0,8,8
09:25:25.267665,0,0,0
09:25:25.315631,0,8,7
09:25:25.376835,0,0,0
09:25:25.424764,0,6,6
09:25:25.470872,0,0,1
09:25:25.534547,0,7,7
09:25:25.581406,0,0,0
09:25:25.628015,0,8,9
09:25:25.689145,0,0,0
09:25:25.736788,0,8,6
09:25:25.783504,0,0,0
09:25:25.845988,0,7,6
09:25:25.892721,0,0,0
09:25:25.939668,0,6,4
09:25:26.001330,0,0,1
09:25:26.047081,0,7,5
09:25:26.095143,0,0,0
09:25:26.157797,0,6,6
09:25:26.204982,0,0,0
09:25:26.250892,0,5,5
09:25:26.297674,0,1,1
09:25:26.360920,0,5,5
09:25:26.406592,0,0,0
09:25:26.453897,0,5,5
09:25:26.529655,0,0,0
09:25:26.576993,0,6,6
09:25:26.652660,0,0,0
09:25:26.699337,0,6,4
09:25:26.745656,0,0,0
09:25:26.808223,0,5,5
09:25:26.855032,0,0,0
09:25:26.901080,0,6,5
09:25:26.977729,0,0,0
09:25:27.024591,0,4,4
09:25:27.071323,0,0,0
09:25:27.148640,0,6,15
09:25:27.194747,0,0,0
09:25:27.241705,0,5,5
09:25:27.317685,0,0,0
09:25:27.363576,0,5,4
09:25:27.409421,0,0,0
09:25:27.471719,0,17,13
09:25:27.516809,0,0,0
09:25:27.562771,0,9,5
09:25:27.640807,0,0,0
09:25:27.688653,0,6,6
09:25:27.736055,0,1,0
09:25:27.799868,0,6,4
09:25:27.846806,0,0,0
09:25:27.895158,0,6,5
09:25:27.958796,0,0,0
09:25:28.007039,0,5,5
09:25:28.054558,0,0,0
09:25:28.118190,0,4,4
09:25:28.165675,0,0,0
09:25:28.213676,0,6,6
09:25:28.277046,0,1,0
09:25:28.324344,0,6,5
09:25:28.372405,0,0,0
09:25:28.435900,0,5,4
09:25:28.484243,0,0,0
09:25:28.532022,0,4,5
09:25:28.597574,0,0,0
09:25:28.645522,0,6,4
09:25:28.693358,0,0,0
09:25:28.772495,0,5,5
09:25:28.820314,0,0,0
09:25:28.883181,0,6,5
09:25:28.931126,0,0,0
09:25:28.978959,0,5,4
09:25:29.041922,0,0,0
09:25:29.090935,0,5,15
09:25:29.138241,0,0,0
09:25:29.201608,0,13,12
09:25:29.249420,0,0,0
09:25:29.297381,0,5,3
09:25:29.360703,0,0,0
09:25:29.408105,0,5,5
09:25:29.455472,0,0,0
09:25:29.534846,0,13,11
09:25:29.583101,0,0,0
09:25:29.631295,0,4,3
09:25:29.709643,0,0,0
09:25:29.757905,0,7,12
09:25:29.806257,0,0,0
09:25:29.885679,0,0,4
09:25:29.933551,0,0,0
09:25:29.980971,0,4,3
09:25:30.045406,0,0,2
09:25:30.092924,0,11,1
09:25:30.141225,0,0,0
09:25:30.219427,0,4,3
09:25:30.267880,0,0,5
09:25:30.333409,0,3,3
09:25:30.380273,0,0,0
09:25:30.428210,0,5,4
09:25:30.507486,0,0,0
09:25:30.555417,0,4,3
09:25:30.603323,0,1,1
09:25:30.667494,0,3,3
09:25:30.713578,0,0,0
09:25:30.761645,0,4,5
09:25:30.840549,0,0,0
09:25:30.888187,0,4,2
09:25:30.934654,0,2,0
09:25:31.014606,0,3,3
09:25:31.062301,0,0,0
09:25:31.125810,0,6,4
09:25:31.175575,0,2,1
09:25:31.222357,0,4,2
09:25:31.285760,0,0,0
09:25:31.333302,0,4,3
09:25:31.381641,0,0,0
09:25:31.445560,0,4,3
09:25:31.492481,0,0,0
09:25:31.541027,0,5,3
09:25:31.603875,0,0,0
09:25:31.651312,0,4,4
09:25:31.699553,0,0,0
09:25:31.763412,0,4,4
09:25:31.811620,0,0,0
09:25:31.859650,0,4,3
09:25:31.937986,0,0,0
09:25:31.985569,0,3,13
09:25:32.033079,0,0,0
09:25:32.128703,0,3,4
09:25:32.176516,0,0,0
09:25:32.240416,0,2,2
09:25:32.288279,0,0,0
09:25:32.336039,0,13,9
09:25:32.399416,0,0,0
09:25:32.447645,0,9,10
09:25:32.494672,0,0,0
09:25:32.542746,0,1,0
09:25:32.622371,0,5,3
09:25:32.669192,0,8,11
09:25:32.733052,0,0,0
09:25:32.780402,0,10,0
09:25:32.827753,0,0,0
09:25:32.907090,0,2,0
09:25:32.955421,0,0,5
09:25:33.003424,0,9,9
09:25:33.083749,0,0,0
09:25:33.131713,0,4,0
09:25:33.179558,0,0,0
09:25:33.258671,0,1,0
09:25:33.307256,0,1,2
09:25:33.377211,0,0,3
09:25:33.417907,0,0,0
09:25:33.466115,0,2,1
09:25:33.544636,0,0,5
09:25:33.593952,0,0,0
09:25:33.641813,0,1,0
09:25:33.720704,0,2,1
09:25:33.768538,0,0,0
09:25:33.816208,0,1,0
09:25:33.895221,0,3,2
09:25:33.943757,0,1,2
09:25:34.021974,0,0,0
09:25:34.069790,0,1,0
09:25:34.117396,0,0,0
09:25:34.196100,0,5,6
09:25:34.244029,0,0,0
09:25:34.292322,0,0,0
09:25:34.371898,0,0,0
09:25:34.419502,0,0,0
09:25:34.499328,0,0,0
09:25:34.546916,0,5,6
09:25:34.594410,0,0,0
09:25:34.673818,0,0,0
09:25:34.721404,0,0,0
09:25:34.769026,0,0,7
09:25:34.847316,0,0,0
09:25:34.895019,0,5,4
09:25:34.973527,0,0,0
09:25:35.021296,0,0,0
09:25:35.068967,0,0,0
09:25:35.132598,0,5,6
09:25:35.179945,0,0,0
09:25:35.227706,0,5,0
09:25:35.306087,0,0,0
09:25:35.354224,0,0,0
09:25:35.401201,0,0,0
09:25:35.479881,0,5,0
09:25:35.527925,0,0,0
09:25:35.575946,0,0,0
09:25:35.655714,0,0,0
09:25:35.703633,0,1,8
09:25:35.783316,0,0,0
09:25:35.831080,0,7,0
09:25:35.879128,0,0,0
09:25:35.959044,0,0,0
09:25:36.006807,0,0,0
09:25:36.054870,0,11,7
09:25:36.134272,0,0,0
09:25:36.182110,0,0,0
09:25:36.261144,0,0,0
09:25:36.308720,0,0,0
09:25:36.356967,0,4,5
09:25:36.435973,0,0,0
09:25:36.483513,0,0,0
09:25:36.531667,0,1,0
09:25:36.610490,0,0,9
09:25:36.658483,0,0,0
09:25:36.736880,0,5,0
09:25:36.783698,0,0,0
09:25:36.831999,0,0,0
09:25:36.912134,0,0,0
09:25:36.960235,0,7,5
09:25:37.007441,0,0,0
09:25:37.087289,0,4,0
09:25:37.135551,0,0,0
09:25:37.215364,0,0,8
09:25:37.263295,0,0,0
09:25:37.310489,0,5,5
09:25:37.391043,0,0,0
09:25:37.439105,0,0,0
09:25:37.486873,0,0,0
09:25:37.566245,0,1,0
09:25:37.613354,0,2,3
09:25:37.661647,0,1,1
09:25:37.740672,0,0,0
09:25:37.788700,0,0,0
09:25:37.869583,0,0,7
09:25:37.917440,0,0,0
09:25:37.965563,0,2,0
09:25:38.044351,0,1,1
09:25:38.092424,0,0,0
09:25:38.139851,0,0,0
09:25:38.219558,0,1,5
09:25:38.267415,0,0,1
09:25:38.346006,0,2,0
09:25:38.394078,0,1,0
09:25:38.441452,0,0,0
09:25:38.520855,0,0,0
09:25:38.568283,0,2,0
09:25:38.616059,0,1,0
09:25:38.697363,0,0,0
09:25:38.745216,0,1,1
09:25:38.825215,0,0,0
09:25:38.872829,0,0,0
09:25:38.920492,0,2,0
09:25:39.001248,0,0,0
09:25:39.047975,0,0,0
09:25:39.095276,0,1,3
09:25:39.175374,0,0,0
09:25:39.223385,0,8,8
09:25:39.302369,0,0,0
09:25:39.350451,0,3,2
09:25:39.397930,0,3,1
09:25:39.478417,0,3,3
09:25:39.525821,0,0,0
09:25:39.573116,0,7,0
09:25:39.652422,0,0,0
09:25:39.700263,0,2,2
09:25:39.780246,0,0,1
09:25:39.828521,0,3,3
09:25:39.875876,0,0,0
09:25:39.955870,0,4,1
09:25:40.003663,0,0,0
09:25:40.051767,0,3,2
09:25:40.131604,0,0,0
09:25:40.181150,0,3,4
09:25:40.260256,0,0,0
09:25:40.308480,0,3,1
09:25:40.355206,0,0,0
09:25:40.434024,0,2,3
09:25:40.481875,0,0,0
09:25:40.528919,0,3,3
09:25:40.609259,0,0,0
09:25:40.656673,0,2,3
09:25:40.735516,0,0,0
09:25:40.783666,0,3,2
09:25:40.831052,0,0,0
09:25:40.911872,0,2,2
09:25:40.959888,0,0,0
09:25:41.007862,0,3,2
09:25:41.087695,0,0,0
09:25:41.135344,0,3,3
09:25:41.215752,0,0,0
09:25:41.263134,0,3,2
09:25:41.311419,0,0,5
09:25:41.392263,0,4,4
09:25:41.440534,0,0,0
09:25:41.488296,0,4,4
09:25:41.567803,0,0,0
09:25:41.615678,0,3,1
09:25:41.695734,0,1,0
09:25:41.743898,0,3,3
09:25:41.791540,0,0,0
09:25:41.870639,0,4,4
09:25:41.918961,1,0,0

