2023-06-02 11:21:58.879,0,25,23,0,0
2023-06-02 11:21:58.959,0,24,22,0,0
2023-06-02 11:21:59.038,0,25,23,0,0
2023-06-02 11:21:59.117,0,11,23,0,0
2023-06-02 11:21:59.196,0,29,22,0,0
2023-06-02 11:21:59.277,0,25,27,0,0
2023-06-02 11:21:59.355,0,23,23,0,0
2023-06-02 11:21:59.435,0,26,22,0,0
2023-06-02 11:21:59.516,0,24,22,0,0
2023-06-02 11:21:59.594,0,20,23,0,0
2023-06-02 11:21:59.681,0,24,21,0,0
2023-06-02 11:21:59.769,0,16,22,0,0
2023-06-02 11:21:59.847,0,24,23,0,0
2023-06-02 11:21:59.926,0,29,23,0,0
2023-06-02 11:22:00.005,0,16,36,0,0
2023-06-02 11:22:00.085,0,26,24,0,0
2023-06-02 11:22:00.162,0,25,24,0,0
2023-06-02 11:22:00.242,0,24,23,0,0
2023-06-02 11:22:00.322,0,23,25,0,0
2023-06-02 11:22:00.401,0,24,25,0,0
2023-06-02 11:22:00.481,0,24,33,0,0
2023-06-02 11:22:00.560,0,24,29,0,0
2023-06-02 11:22:00.641,0,24,23,0,0
2023-06-02 11:22:00.718,0,24,24,0,0
2023-06-02 11:22:00.797,0,20,22,0,0
2023-06-02 11:22:00.876,0,23,25,0,0
2023-06-02 11:22:00.956,0,24,23,0,0
2023-06-02 11:22:01.036,0,25,20,0,0
2023-06-02 11:22:01.115,0,23,22,0,0
2023-06-02 11:22:01.197,0,23,23,0,0
2023-06-02 11:22:01.274,0,24,23,0,0
2023-06-02 11:22:01.353,0,23,23,0,0
2023-06-02 11:22:01.431,0,24,23,0,0
2023-06-02 11:22:01.510,0,23,22,0,0
2023-06-02 11:22:01.590,0,25,23,0,0
2023-06-02 11:22:01.670,0,25,21,0,0
2023-06-02 11:22:01.752,0,27,23,0,0
2023-06-02 11:22:01.843,0,25,23,0,0
2023-06-02 11:22:01.923,0,24,22,0,0
2023-06-02 11:22:02.005,0,23,28,0,0
2023-06-02 11:22:02.095,0,23,39,0,0
2023-06-02 11:22:02.425,0,22,101,0,0
2023-06-02 11:22:02.522,0,27,111,0,0
2023-06-02 11:22:02.616,0,27,131,0,0
2023-06-02 11:22:02.713,0,26,144,0,0
2023-06-02 11:22:02.807,0,24,143,0,0
2023-06-02 11:22:02.902,0,38,146,0,0
2023-06-02 11:22:02.982,0,36,149,0,0
2023-06-02 11:22:03.060,0,38,148,0,0
2023-06-02 11:22:03.139,0,39,158,0,0
2023-06-02 11:22:03.281,0,43,151,0,0
2023-06-02 11:22:03.361,0,49,149,0,0
2023-06-02 11:22:03.442,0,58,147,0,0
2023-06-02 11:22:03.520,0,59,150,0,0
2023-06-02 11:22:03.598,0,64,149,0,0
2023-06-02 11:22:03.676,0,69,147,0,0
2023-06-02 11:22:03.755,0,72,157,0,0
2023-06-02 11:22:03.851,0,52,139,1,0
2023-06-02 11:22:03.930,0,64,151,1,0
2023-06-02 11:22:04.009,0,65,149,1,0
2023-06-02 11:22:04.105,0,70,147,1,0
2023-06-02 11:22:04.200,0,68,149,1,0
2023-06-02 11:22:04.278,0,65,145,1,0
2023-06-02 11:22:04.357,0,57,149,5,0
2023-06-02 11:22:04.436,0,64,154,5,0
2023-06-02 11:22:04.515,0,77,158,5,0
2023-06-02 11:22:04.609,0,67,137,5,0
2023-06-02 11:22:04.701,0,54,139,6,0
2023-06-02 11:22:04.797,0,66,153,6,0
2023-06-02 11:22:04.890,0,73,156,6,0
2023-06-02 11:22:04.984,0,75,140,6,0
2023-06-02 11:22:05.079,0,74,142,6,0
2023-06-02 11:22:05.173,0,76,150,6,0
2023-06-02 11:22:05.268,0,54,146,7,0
2023-06-02 11:22:05.362,0,64,152,9,0
2023-06-02 11:22:05.456,0,80,149,9,0
2023-06-02 11:22:05.551,0,70,139,9,0
2023-06-02 11:22:05.647,0,62,145,10,0
2023-06-02 11:22:05.741,0,80,159,10,0
2023-06-02 11:22:05.837,0,72,136,10,0
2023-06-02 11:22:05.933,0,61,126,11,0
2023-06-02 11:22:06.029,0,74,148,11,0
2023-06-02 11:22:06.124,0,82,152,11,0
2023-06-02 11:22:06.219,0,62,138,11,0
2023-06-02 11:22:06.314,0,56,135,13,0
2023-06-02 11:22:06.408,0,73,156,13,0
2023-06-02 11:22:06.503,0,79,143,13,0
2023-06-02 11:22:06.599,0,59,132,14,0
2023-06-02 11:22:06.693,0,53,137,14,0
2023-06-02 11:22:06.781,0,85,157,14,0
2023-06-02 11:22:06.876,0,83,148,14,0
2023-06-02 11:22:06.971,0,61,133,15,0
2023-06-02 11:22:07.066,0,69,149,16,0
2023-06-02 11:22:07.161,0,88,143,16,0
2023-06-02 11:22:07.258,0,78,143,16,0
2023-06-02 11:22:07.352,0,76,149,16,0
2023-06-02 11:22:07.446,0,61,151,17,0
2023-06-02 11:22:07.544,0,65,148,18,0
2023-06-02 11:22:07.637,0,85,156,18,0
2023-06-02 11:22:07.733,0,81,143,18,0
2023-06-02 11:22:07.828,0,66,143,19,0
2023-06-02 11:22:07.922,0,83,159,19,0
2023-06-02 11:22:08.022,0,77,139,19,0
2023-06-02 11:22:08.111,0,66,134,19,0
2023-06-02 11:22:08.208,0,66,146,21,0
2023-06-02 11:22:08.303,0,86,160,21,0
2023-06-02 11:22:08.398,0,74,140,21,0
2023-06-02 11:22:08.493,0,67,131,22,0
2023-06-02 11:22:08.602,0,56,148,24,0
2023-06-02 11:22:08.700,0,61,153,25,0
2023-06-02 11:22:08.810,0,81,147,25,0
2023-06-02 11:22:08.906,0,72,143,25,0
2023-06-02 11:22:09.001,0,54,140,26,0
2023-06-02 11:22:09.113,0,68,157,27,0
2023-06-02 11:22:09.207,0,77,142,27,0
2023-06-02 11:22:09.317,0,58,133,28,0
2023-06-02 11:22:09.428,0,70,157,28,0
2023-06-02 11:22:09.540,0,89,151,28,0
2023-06-02 11:22:09.651,0,65,137,29,0
2023-06-02 11:22:09.763,0,77,150,29,0
2023-06-02 11:22:09.873,0,85,145,29,0
2023-06-02 11:22:09.983,0,61,133,30,0
2023-06-02 11:22:10.094,0,73,149,30,0
2023-06-02 11:22:10.204,0,64,154,31,0
2023-06-02 11:22:10.315,0,83,141,31,0
2023-06-02 11:22:10.423,0,69,135,32,0
2023-06-02 11:22:10.535,0,71,153,32,0
2023-06-02 11:22:10.645,0,63,149,34,0
2023-06-02 11:22:10.757,0,93,158,34,0
2023-06-02 11:22:10.868,0,80,140,34,0
2023-06-02 11:22:10.980,0,64,142,35,0
2023-06-02 11:22:11.090,0,87,161,35,0
2023-06-02 11:22:11.203,0,69,133,35,0
2023-06-02 11:22:11.312,0,75,134,36,0
2023-06-02 11:22:11.424,0,84,149,36,0
2023-06-02 11:22:11.535,0,76,149,37,0
2023-06-02 11:22:11.648,0,83,138,37,0
2023-06-02 11:22:11.766,0,58,126,37,0
2023-06-02 11:22:11.876,0,65,150,38,0
2023-06-02 11:22:11.986,0,89,168,38,0
2023-06-02 11:22:12.097,0,66,123,39,0
2023-06-02 11:22:12.208,0,65,134,40,0
2023-06-02 11:22:12.318,0,85,158,40,0
2023-06-02 11:22:12.430,0,75,142,40,0
2023-06-02 11:22:12.540,0,59,135,41,0
2023-06-02 11:22:12.655,0,106,161,41,0
2023-06-02 11:22:12.779,0,53,136,41,0
2023-06-02 11:22:12.905,0,62,132,42,0
2023-06-02 11:22:13.018,0,76,153,42,0
2023-06-02 11:22:13.144,0,64,136,43,0
2023-06-02 11:22:13.271,0,57,140,44,0
2023-06-02 11:22:13.382,0,68,156,44,0
2023-06-02 11:22:13.494,0,90,147,44,0
2023-06-02 11:22:13.621,0,84,144,44,0
2023-06-02 11:22:13.749,0,57,152,45,0
2023-06-02 11:22:13.878,0,63,155,45,0
2023-06-02 11:22:14.002,0,65,140,46,0
2023-06-02 11:22:14.130,0,67,141,47,0
2023-06-02 11:22:14.256,0,96,145,47,0
2023-06-02 11:22:14.385,0,53,129,48,0
2023-06-02 11:22:14.509,0,74,154,48,0
2023-06-02 11:22:14.635,0,79,154,48,0
2023-06-02 11:22:14.760,0,80,139,49,0
2023-06-02 11:22:14.887,0,89,156,49,0
2023-06-02 11:22:15.014,1,72,138,50,0

