-84.61538461538461
-0.0
-4.1420118343195265
10.650887573964498
-13.609467455621303
2.366863905325444
-4.733727810650888
4.733727810650888
-5.9171597633136095
5.325443786982249
-6.508875739644971
2.9585798816568047
-5.9171597633136095
1.7751479289940828
-3.5502958579881656
2.366863905325444
-1.183431952662722
2.366863905325444
-5.325443786982249
0.591715976331361
-5.325443786982249
1.7751479289940828
4.1420118343195265
3.5502958579881656
-2.366863905325444
1.7751479289940828
-1.183431952662722
-0.591715976331361
-2.366863905325444
-0.591715976331361
-3.5502958579881656
-1.183431952662722
-0.591715976331361
4.1420118343195265
2.366863905325444
-0.591715976331361
0.0
0.591715976331361
-1.7751479289940828
-0.591715976331361
-1.7751479289940828
-0.591715976331361
-0.591715976331361
-0.0
0.0
1.7751479289940828
4.1420118343195265
1.183431952662722
1.7751479289940828
-1.183431952662722
1.183431952662722
-0.0
-1.7751479289940828
-0.0
-1.183431952662722
-0.0
-2.366863905325444
-0.591715976331361
-1.183431952662722
1.183431952662722
0.0
1.183431952662722
2.366863905325444
0.591715976331361
0.0
2.9585798816568047
2.366863905325444
1.7751479289940828
2.366863905325444
-0.591715976331361
-1.7751479289940828
-2.366863905325444
-2.366863905325444
-3.5502958579881656
-2.9585798816568047
-2.9585798816568047
0.591715976331361
2.366863905325444
0.591715976331361
-1.7751479289940828
-3.5502958579881656
-4.733727810650888
-1.183431952662722
-2.366863905325444
-1.183431952662722
-2.366863905325444
0.591715976331361
1.183431952662722
2.9585798816568047
0.591715976331361
-2.366863905325444
0.591715976331361
3.5502958579881656
-1.183431952662722
-1.183431952662722
2.366863905325444
2.9585798816568047
-0.591715976331361
-1.183431952662722
-1.183431952662722
0.591715976331361
-0.0
0.591715976331361
1.183431952662722
1.183431952662722
1.183431952662722
0.0
-0.591715976331361
0.591715976331361
0.591715976331361
0.591715976331361
0.591715976331361
0.591715976331361
-0.0
-1.183431952662722
-3.5502958579881656
0.0
-0.0
-2.9585798816568047
-2.9585798816568047
0.0
-0.0
2.366863905325444
1.7751479289940828
0.0
-0.591715976331361
0.0
0.591715976331361
-0.591715976331361
0.591715976331361
-0.591715976331361
-1.183431952662722
0.591715976331361
0.591715976331361
-1.183431952662722
-1.7751479289940828
-1.183431952662722
3.5502958579881656